585  44.278717       -0.16470797    -1.8957587
506  43.810127       -12.163617     -12.177491
463  43.740685       -9.7147665     -10.663974
132  43.633724       1.809356       -13.4776325
735  43.056503       6.173884       -10.011565
216  42.984375       9.759239       -2.205713
211  42.863487       2.8876119      -3.480981
279  42.846607       -8.865221      -4.175422
84   42.704952       9.502796       -11.374694
517  42.494263       20.772875      6.9520555
263  42.39895        1.8269384      -2.3617003
805  42.30721        -7.666394      -1.2506958
949  42.290077       6.932241       -4.482893
60   42.198364       8.837315       -1.1363816
931  42.018265       2.7312856      -11.69045
373  41.95625        4.0395193      0.42094544
568  41.916195       29.278238      4.0108666
55   41.893898       1.8720481      -8.726178
7    41.847477       -3.411155      -16.18006
941  41.809597       8.711611       -5.4059205
526  41.76929        5.106473       3.7726138
518  41.765          -6.3378234     -11.924912
959  41.66476        14.828572      2.3234975
851  41.641567       -10.259873     -6.251313
885  41.594162       15.986929      7.1412935
380  41.565353       7.3844194      -6.378852
802  41.478203       1.0042663      -7.9974165
482  41.45761        -6.9725842     -9.231551
78   41.4149         -3.9843147     -5.4057193
344  41.40227        21.865128      4.544804
271  41.34178        11.134061      3.3439713
677  41.32941        15.791546      -1.3103137
705  41.29913        29.612602      -2.6513596
739  41.11263        -3.9955347     -2.0900133
512  41.0769         -12.962709     -16.930115
874  40.988926       3.4969542      2.4092662
136  40.803513       -0.7525821     5.028227
63   40.704086       15.269583      -6.728663
749  40.69719        -8.917697      -10.048634
835  40.652283       1.1167986      7.6513515
529  40.57427        36.25005       0.90463465
892  40.5626         21.585697      1.6029205
812  40.53211        28.614246      -2.1809971
599  40.519814       -4.1222873     -14.525614
767  40.454018       7.0027447      -5.5076222
302  40.3884         17.539753      -1.0375654
960  40.3523         -4.1583176     2.418676
95   40.348682       -3.6644213     3.3147228
87   40.28932        39.200504      -1.5065607
354  40.24384        12.5564165     -13.945829
706  40.240826       -14.515491     -5.3546214
887  40.238003       10.36746       5.056575
186  40.20697        -1.0353565     -14.209953
286  40.163116       -12.38622      -0.88701683
550  40.1262         -4.431426      -8.821372
607  40.075394       -3.0794647     -11.375003
770  40.043144       -2.511597      -3.5088468
484  39.953693       24.87768       5.0584364
390  39.937057       13.084345      3.7003381
169  39.93576        -14.282011     -12.576194
999  39.92091        -14.575892     -3.3994813
261  39.909504       7.0525856      1.7951337
193  39.871323       3.2238386      -1.0755864
638  39.838837       9.8539295      -0.22396442
489  39.822353       -8.482798      -9.818935
575  39.77819        18.951885      -3.7763722
448  39.764164       -16.250286     -4.431196
335  39.712547       -7.7259693     -20.347958
331  39.65397        -0.48266062    1.4917889
917  39.648434       34.90171       -7.3830495
179  39.631424       16.108847      6.2400956
379  39.557632       24.793116      -5.7338247
330  39.55261        -19.326466     -0.31306008
38   39.490982       -10.246618     -8.434825
233  39.452785       -15.866685     -12.582667
877  39.43733        0.36289787     -0.24877505
784  39.414894       -6.8194575     -4.923518
716  39.40476        12.99541       9.673782
225  39.311707       10.840239      -1.5323157
22   39.29574        -13.860989     -5.916208
709  39.286457       -16.404728     -8.9638405
559  39.28084        3.777626       0.73449296
360  39.246437       -4.498291      -7.45012
200  39.209076       10.678032      7.6866684
692  39.13873        -6.9444227     0.2872146
727  39.121307       -2.7906582     -5.5721383
886  39.078953       22.701183      -3.4641728
660  39.070786       24.45907       5.1552496
375  39.057198       11.881602      -8.124188
317  39.04508        -9.565681      -16.987171
715  39.025608       -0.74592954    -6.537073
934  39.014          1.6015592      -6.8169312
58   38.982132       7.8338346      -6.8768945
285  38.964287       -20.308306     -11.186632
23   38.9313         2.9861817      -15.531026
437  38.922676       -13.8273115    3.2350786
958  38.912766       16.09153       -4.4465575
272  38.904995       -15.854605     -6.4050946
644  38.85973        -2.0552764     5.7649064
86   38.84765        0.27482066     -7.328565
687  38.833927       6.174524       -4.7217093
332  38.819256       -16.16234      -2.7138782
481  38.76652        -16.522993     -18.019733
74   38.72469        -8.075259      -9.877619
82   38.716827       1.1550542      -2.6378183
914  3.8646278e+01   1.4401075e-02  -1.5930198e+01
2    38.62844        19.931406      -2.5054657
340  38.60937        -0.34373993    -0.389096
868  38.587017       -11.347711     -1.7750802
912  38.561306       19.256939      9.345252
545  38.509388       28.852448      1.0400324
422  38.499786       2.2495766      -7.4687896
669  38.498646       1.7083665      -7.717099
867  38.46616        2.6070964      -8.026864
964  38.45256        -10.04735      -8.98825
641  38.424976       3.4113007      6.6598372
176  38.411747       24.450953      5.127304
442  38.4026         -4.2629657     -0.6619888
361  38.39284        21.381413      7.0271225
552  38.35196        5.5807834      -0.56081504
986  38.33185        -10.055557     0.6820928
955  38.307903       -3.1669543     -10.282046
823  38.292587       7.0605593      5.6225305
174  38.22523        5.615367       5.453133
859  38.194267       8.85241        1.0410625
185  38.181496       -8.4137535     -5.0351458
563  38.146065       6.9028196      -8.734332
494  38.140305       -9.85911       -1.8331256
708  38.106678       -9.041291      -14.964491
952  38.09794        14.017628      2.844635
673  38.08914        -10.403904     -11.246125
226  38.082466       31.557556      -3.869332
168  38.052208       -6.818151      -4.2047195
262  38.043194       31.342527      0.72542393
266  38.03153        15.913628      -12.708335
854  37.98651        -7.4336276     -2.9959903
96   37.98189        -1.0576395     -5.6362467
37   37.952072       -8.869893      -15.08668
88   37.87255        14.792525      0.5522337
355  37.861465       -4.1483326     -9.5157795
346  37.838173       6.841357       3.370636
622  37.830383       11.182746      2.8727536
51   37.80988        -13.657005     4.8533096
321  37.804077       7.773509       -1.967017
406  37.76187        8.543391       -4.254556
36   37.744793       15.116148      4.095961
598  37.734066       -23.176577     0.5232138
152  37.71153        0.3764421      -1.7132607
470  37.687885       22.12196       -8.679428
759  37.626034       11.1884165     -2.4548802
695  37.574806       7.511436       -7.819972
534  37.52275        8.532207       10.942004
167  37.500103       -4.010063      -7.4370136
796  37.492916       -17.380686     -1.4135077
112  37.49055        9.98897        -10.261144
601  37.44055        -15.78124      -12.635565
241  37.37669        -10.619055     -9.456509
252  37.33964        22.316677      10.532857
383  37.302532       -6.225913      1.2396171
25   37.28606        -4.3039403     1.1181091
816  37.218174       4.198799       -13.190193
384  37.20023        -15.848899     -9.455792
83   37.179955       -4.128449      -10.95314
76   37.153324       -14.156397     3.6812649
897  37.108948       -1.4365832     -4.603431
460  37.08272        -4.6794543     7.930316
604  37.054962       26.434536      2.716731
493  37.05253        26.891857      8.002336
923  37.012093       40.20731       2.8781471
500  37.003067       -3.822624      0.7534599
259  37.00089        -5.4695373     -3.9945018
909  36.993332       -0.1697115     8.889704
281  36.930027       31.490011      -7.2769556
711  36.927814       -10.969499     -7.4546723
514  36.781548       13.939336      1.1724157
443  36.772614       -14.720908     -11.611662
120  36.752083       1.6164377      5.86084
273  36.724197       1.2710714      -1.9525126
214  36.707294       -12.892966     -12.226068
685  36.675426       0.6815277      2.3935874
819  36.6599         3.7934206      2.0109076
898  36.56483        -6.7152386     7.8633003
166  36.559727       -5.885998      5.343234
378  36.535152       10.139259      2.7628736
842  36.531906       4.6732426      8.681233
415  36.513954       -11.609815     -4.2741
207  36.488247       10.560858      -1.5396856
910  36.47981        -16.026964     -7.929003
546  36.420433       -17.879486     -3.8326862
746  36.41144        22.052504      9.153006
540  36.405636       -15.98869      -7.439403
210  36.33549        12.609363      8.22054
258  36.235737       -7.8440633     -8.430541
968  36.16884        44.363937      3.7508566
69   36.13354        -8.029689      6.255859
783  36.131187       -19.74953      -12.75832
995  36.10763        15.288494      6.7147903
35   36.043335       11.023987      13.351722
194  36.010418       15.6763735     -8.768659
480  35.970947       -2.3247688     -12.587101
385  35.956768       -6.641707      -8.440737
138  35.952374       26.606478      -2.8044395
40   35.905506       13.714685      -0.35083753
199  35.896175       -8.056641      -5.8818417
683  35.89058        3.8810601      1.217835
813  35.86892        12.3903675     6.7792506
731  35.822388       25.880375      2.4640663
67   35.81545        -9.687319      0.05147266
665  35.73902        -4.624148      -1.742924
387  35.689014       4.065297       9.236568
764  35.66249        -14.603047     -13.462666
150  35.661053       6.478982       4.165205
681  35.65986        22.154375      2.2106698
594  35.64836        -12.380776     -5.015827
299  35.60624        7.0263033      8.02969
114  35.559353       1.6577135      -1.6583642
89   35.54609        30.601118      1.5275428
388  35.52765        16.666927      9.470917
162  35.51706        -20.387884     -0.35710308
1    35.488487       -5.287657      1.2563012
41   35.480946       -0.4027462     3.7084615
821  35.400078       3.6908937      -0.5754655
525  35.398453       -10.824309     -5.969007
729  35.387043       1.4906802      -5.76598
664  35.376583       19.104916      -2.4439235
579  35.372208       -1.8986121     -4.687615
140  35.36739        38.41364       5.2393527
808  35.346302       -15.625962     -6.114366
104  35.337116       28.781328      6.210115
733  35.31443        -20.06691      -5.150643
486  35.30568        9.249554       -5.2305026
699  35.29721        19.303354      8.582749
522  35.288273       -20.964071     -8.39209
341  35.270386       -5.385476      0.05395575
72   35.24731        17.234306      4.1725397
613  35.24408        20.677013      1.0971489
111  35.2263         3.7498043      -11.189778
319  35.214687       -11.948054     -1.9795533
275  35.209465       5.1025357      3.2592964
374  35.207855       -0.09346769    11.8725815
158  35.194576       -13.469458     -7.588099
491  35.17716        27.816662      -2.4796615
371  35.174286       -7.919866      -10.824272
544  35.17396        -22.016407     5.7747197
962  35.14105        -6.70033       11.739127
562  35.126274       5.171726       -14.953875
394  35.08493        -7.3491006     -9.882551
246  35.07101        -11.45368      2.910485
503  35.01946        4.537661       -17.992517
349  35.00802        -1.1658075     1.6911443
472  35.005856       -6.493908      -10.876342
537  34.99108        35.46147       -2.293204
153  34.98757        -6.09307       -5.4438457
855  34.942886       8.992564       -8.212678
15   34.93495        19.112713      1.6186547
221  34.92597        -4.621144      -16.057217
278  34.92282        19.273405      7.4104276
495  34.914          -7.632302      -1.8719671
11   34.877705       34.639633      -1.1498246
618  34.87729        -4.5502315     -11.011995
876  34.852997       -3.7515786     -1.4528359
943  34.838554       17.754362      -5.973142
284  34.81757        -1.922187      3.0364752
944  34.792706       6.2944922      4.201448
621  34.751842       -14.006454     -2.1787965
584  34.736885       3.9495728      -1.5572196
359  34.702343       -10.58598      -14.16277
781  34.690506       13.441488      -1.9086443
483  34.67765        -1.5584829     -9.95916
787  34.668407       -11.430848     2.4492087
942  34.667557       -6.8863444     -11.199712
889  34.666195       -15.298842     -2.8764284
549  34.65011        17.180265      4.337119
121  34.64837        25.309443      -6.8381495
26   34.64341        -4.726475      -6.3387475
27   34.61253        6.233984       9.885676
753  34.6046         -14.923958     6.805121
558  34.596798       -0.85118604    3.7905238
758  34.572147       11.263325      2.0745358
666  34.56111        -3.953249      5.854535
353  34.513283       13.197011      9.596201
639  34.504093       19.008074      6.4210753
306  34.44853        14.410879      -3.2779632
834  34.412945       18.456423      4.5620475
424  34.392666       -11.936585     -4.423111
498  34.33611        9.282362       4.585097
732  34.32801        -5.596762      -1.3241999
636  34.31692        -15.607941     3.9113874
856  34.304054       17.918684      2.0301147
833  34.269142       7.6933665      1.6354887
637  34.25715        6.416773       9.112431
646  34.24139        37.67245       -0.0889274
229  34.22688        33.55983       7.8871794
903  34.218716       22.10417       0.11014469
209  34.190407       -15.528579     -11.455311
250  34.169807       -2.3434856     -2.6757634
896  34.139076       3.7026923      -9.21113
820  34.105335       12.896405      7.164647
904  34.088955       -26.220247     -5.796281
905  34.028404       10.780733      4.7220426
674  34.004288       -13.268842     -17.066828
274  33.985844       -1.1407487     11.394691
318  33.98029        -14.145404     -0.28299403
866  33.958263       -0.1078325     -6.141571
8    33.914597       -2.9492064     1.7752144
270  33.803417       31.582214      1.2610455
838  33.75517        9.121722       5.49322
5    33.749657       -8.929947      -8.6765995
497  33.731384       5.1189976      -0.75814295
417  33.72238        -3.153204      -7.356941
170  33.663998       -15.772377     11.564196
402  33.63378        -6.1769657     -15.191589
94   33.566658       -11.657879     -8.625944
560  33.506783       8.079891       12.417817
198  33.50292        25.195114      -0.7116931
788  33.49006        0.5233653      -10.741479
204  33.483757       -19.095932     -13.630442
979  33.469845       1.5578026      -0.9913724
446  33.468586       -22.249313     -13.653227
367  33.46044        -14.594682     -16.292498
880  33.45866        -13.235589     -2.3785188
659  33.458538       5.5398593      -14.105921
208  33.44118        3.0477788      3.7349567
145  33.428997       19.842419      -0.6192511
101  33.428883       20.972809      9.37593
616  33.365818       34.240818      2.4698098
376  33.36245        1.8167868      -9.657971
465  33.35549        18.162615      -11.854747
386  33.325077       -5.2235813     -8.183869
937  33.31893        23.742262      -6.813757
676  33.313774       19.803764      -5.3231335
56   33.310047       -10.339498     -2.5402527
533  33.309772       -1.5228667     7.3768234
192  33.308147       -21.058052     -5.8101687
831  33.305286       -13.761745     1.0756865
974  33.292652       -10.436185     2.21672
652  33.29129        -9.089381      -12.667081
521  33.28386        11.243349      -9.073865
149  33.277206       -9.514146      12.614828
701  33.262634       14.234845      11.599372
499  33.256596       8.243502       -4.8065724
237  33.244244       0.46075004     19.314459
352  33.19895        3.2827904      -1.7108947
858  33.187653       1.4133254      3.5082088
98   33.17799        -17.025158     -4.2423277
742  33.17113        -8.5525465     -5.240849
370  33.167088       2.048499       -5.627795
46   33.160946       8.231564       -0.36414382
238  33.151535       3.9343474      16.990381
620  33.14697        -8.665268      -2.140897
163  33.144745       15.31227       1.0603737
707  33.128857       5.912184       -1.5725116
421  33.06966        -9.29061       3.7100813
651  32.998665       -18.439041     0.20660523
848  32.98545        -2.0477004     -4.263943
240  32.984287       -1.3175863     -14.5169115
423  32.94675        4.426393       0.78205335
736  32.92527        6.8218427      7.3118067
814  32.90087        12.552518      12.121864
28   32.88932        -1.1174375     -5.7963037
81   32.879364       8.8801985      -3.8825216
633  32.871494       -23.205015     -18.42044
954  32.868633       8.045344       -0.72663635
147  32.832127       38.79549       -0.90286756
362  32.796734       -5.1906548     0.5574291
85   32.783314       -11.443311     -15.470894
583  32.74784        -13.91849      4.4713044
300  32.743942       17.857079      4.5580096
13   32.729523       -8.820479      -6.942286
125  32.70419        7.181552       17.69803
700  32.610146       -6.6334643     8.262711
992  32.588062       -8.845283      -13.672255
292  32.579144       -14.011565     -9.560302
187  32.5753         1.0565008      -7.9494042
827  32.57032        -18.507166     2.574026
606  32.57016        -12.236639     -9.972416
915  32.546127       -20.073431     -6.1950703
71   32.544518       -5.847806      6.2526717
43   32.535866       -0.9414491     7.6830177
428  32.531353       4.194067       5.098731
893  32.52957        -4.970121      -10.224281
538  32.502052       -6.1086626     -5.940994
882  32.489418       -16.71953      -9.737569
312  32.447247       15.013944      6.9294333
891  32.44278        -8.184152      -0.99613994
806  32.43322        9.342603       -13.678941
747  32.41954        10.3464155     3.2915492
523  32.41586        8.571036       -9.492147
610  32.388176       25.404734      0.23422766
100  32.379433       15.595562      13.801668
870  32.276043       -10.871888     -1.5458969
247  32.275925       3.6932104      -4.9558744
265  32.229046       -15.601085     -5.497918
939  32.226517       3.6294045      12.566278
156  32.220173       7.023943       -3.8439045
642  32.162857       -1.9966882     -15.235532
795  32.12655        29.029068      -4.338582
49   32.123524       0.53774536     -6.1832075
871  32.079445       0.16762732     8.929352
804  32.06358        -22.294973     -6.8801866
928  32.026173       -13.897556     -8.337507
109  32.02027        -16.636059     -6.1721296
772  31.988178       -19.309452     -9.304388
861  31.97259        -7.7672815     4.0654993
243  31.961588       16.755337      -7.515268
180  31.947836       32.552902      5.098881
232  31.917734       -8.646233      -5.5710654
595  31.908882       -12.475285     -6.4645853
919  31.895239       13.141881      6.120862
334  31.885366       12.453551      -0.28159317
824  31.878016       -2.8526855     6.775829
400  31.79838        1.8044175      1.5989585
555  31.794285       4.5156617      2.7415102
763  31.751966       2.1721382      -6.130925
313  31.725931       3.431897       -15.2848625
682  31.708117       -2.532368      2.4105346
457  31.70266        -9.193086      -18.380392
107  31.632399       -15.892073     3.1627548
59   31.61714        -13.688306     4.692698
647  31.60098        -6.376106      10.224669
582  31.59667        5.059748       2.4320743
113  31.582722       5.4169593      8.880404
178  31.572598       6.5488906      -3.283715
148  31.4805         26.741928      8.323777
810  31.441315       22.876554      5.916018
969  31.353785       18.56303       -6.014867
936  31.351074       29.785936      -4.1337595
895  31.328735       -1.4841833     -10.693492
777  31.324133       4.600071       9.681759
117  31.323214       -1.939705      -4.287675
524  31.296667       -20.868002     -14.06223
183  31.287231       13.638801      -2.3880928
741  31.286575       26.578566      5.773339
195  31.250244       21.685778      9.137073
48   31.23456        -2.409828      -0.7149916
844  31.229753       3.2687984      -3.1102297
368  31.199734       10.908614      10.785473
654  31.156712       30.453026      2.3531559
510  31.067812       3.3085728      7.8131194
704  31.005991       1.5532389      -0.854523
479  30.985477       25.8103        11.291274
429  30.980143       -14.544518     -2.0262206
475  30.96003        -4.313925      -13.73545
441  30.903908       -6.5208435     -4.0883546
738  30.901066       20.27744       7.576588
862  30.848282       -14.886588     -4.7402573
188  30.807552       -11.732985     1.6202902
133  30.771212       -6.625062      -9.686325
244  30.763657       -8.927305      -2.756209
345  30.761763       -20.756388     -15.164338
623  30.76062        -13.263062     -12.254567
978  30.725624       23.961952      -10.030314
625  30.71066        -3.115961      -5.6271553
922  30.70974        23.830288      2.7462685
116  30.693104       1.8786615      3.8736215
569  30.691261       15.078961      1.2807752
593  30.690807       16.964146      -0.0423286
617  30.676216       1.7483603      -0.24219906
303  30.67573        18.07115       -3.6907947
202  30.648712       -6.3058915     2.1264205
679  30.56903        -9.74246       -5.0737247
343  30.542084       9.645116       9.82287
381  30.408318       -0.05943099    14.58117
957  30.399908       10.7484865     0.3491594
726  30.363413       -9.631142      -3.550716
269  30.35185        -1.9981806     -1.4974669
248  30.345121       11.474582      5.5308547
304  30.272596       7.403933       5.700689
541  30.264065       -0.9218281     5.6999965
217  30.249216       -6.028809      -0.17488103
825  30.13115        24.102995      -0.9479431
789  30.120775       -14.683712     1.9888332
377  30.079897       -19.874716     -3.1670542
717  30.024319       -1.9398514     0.4123819
21   30.007399       4.4192157      3.7077744
587  29.9686         -19.286152     -0.84337467
817  29.957003       4.608179       -0.65512335
181  29.93392        -4.758356      -4.454882
888  29.932661       -16.556858     12.431469
592  29.853476       13.047755      0.7449124
73   29.800474       -11.023829     2.6166902
449  29.729668       15.044493      9.738813
425  29.704248       -23.474485     1.4707303
890  29.696009       -14.190324     -9.326955
755  29.624458       1.5162692      1.6930362
289  29.611591       -6.918058      -9.306769
91   29.604845       17.706451      12.363456
815  29.583546       -10.370877     -4.7502475
881  29.522617       2.5742247      5.468385
828  29.500063       -7.991925      7.2986727
612  29.48711        1.2198005      9.777315
141  29.471378       -22.705673     9.032111
948  29.420025       -3.4345002     0.93436277
182  29.373106       6.474167       -4.0385613
197  29.333298       -7.41021       4.091181
419  29.30176        -17.949093     -21.700151
574  29.266642       -12.58411      10.4144335
983  29.265993       27.303406      5.7023406
201  29.261578       -16.410572     -1.8547269
902  29.230736       15.202625      5.2821355
920  29.220276       4.1933126      14.624732
34   29.180231       21.161339      3.376586
66   29.134378       11.003423      -7.6968746
605  29.124619       -9.138423      0.07428414
236  29.113457       11.784223      5.349212
253  29.080143       -6.400077      12.382759
980  29.061834       -3.254335      -1.7712982
227  29.054052       -5.7182674     -14.707353
391  29.044718       18.04769       -3.0046833
267  29.04015        5.6802616      1.1608641
93   29.009047       -5.2541804     17.475014
504  28.957937       -15.352828     -16.207071
951  28.852814       2.4149618      -6.042844
142  28.803411       9.658155       4.230684
684  28.794582       -25.833633     -0.11112569
110  28.746891       -0.36398447    1.7321669
661  28.744602       -4.151387      4.4018373
338  28.733297       -15.1999855    5.863743
975  28.732452       -13.217349     -5.8024907
102  28.727238       -3.2666793     4.9421144
631  28.707724       0.7371454      -0.89572746
667  28.67659        -4.772528      4.5211606
786  28.620052       -19.16012      -5.328961
190  28.607573       23.33331       -3.0599957
627  28.598734       -16.87034      -12.573069
126  28.557472       -0.79007936    9.948471
161  28.527414       -17.115244     -9.342316
44   28.503231       -21.269878     4.6312366
632  28.478817       -9.634979      6.429253
77   28.468592       17.490166      4.065478
989  28.425583       -10.696142     -3.2204754
913  28.412748       18.51223       -1.9398241
327  28.409609       -10.580292     1.2111393
458  28.296331       -3.0289123     -1.5365915
231  28.237648       -1.2892992     3.0669248
287  28.187725       -0.06517339    -3.047283
143  28.186615       4.04754        -12.254683
218  28.164911       29.51382       8.597907
256  28.137306       30.339516      -2.4366646
468  28.11672        20.492865      3.0639017
30   28.05462        -10.099494     -9.766155
213  28.047907       -8.464989      10.324176
846  28.02614        -9.235673      2.2082558
751  28.008175       -12.878333     8.487255
291  27.994204       -3.2887967     4.825786
395  27.994          -8.876936      -5.1347947
314  27.9924         7.196127       1.0415713
144  27.979532       20.87376       3.1190333
418  27.958141       3.9978664      -1.7679796
940  27.904598       -3.1343837     -9.978002
908  27.893427       6.7264547      3.8726606
9    27.886639       -2.5693207     -9.850543
155  27.863888       0.13101746     4.6405582
724  27.86177        4.438145       9.680074
420  27.850449       -14.83723      -1.5573922
137  27.832108       -9.901727      -9.831046
127  27.824038       3.3468275      -6.5533404
414  27.803509       -7.6275516     5.8569994
177  27.745718       -2.0793517     10.360908
45   27.719074       -18.698711     3.319726
901  27.69461        6.4370856      -3.3355215
743  27.657726       -10.135807     -2.007488
350  27.60635        -6.0116224     -7.798957
165  27.599155       17.775423      9.10136
996  27.497087       11.896807      -2.1648333
883  27.450212       36.645454      3.7216637
20   27.31272        -10.035973     -8.546921
737  27.219128       4.192045       14.8355465
311  27.1888         12.272465      3.9979427
501  27.128256       -6.9438252     11.740779
551  27.122318       5.659287       -5.523359
849  27.084631       -2.0274634     -9.313569
220  27.049294       5.70299        1.4346917
97   27.037573       2.4927404      -1.0273327
322  27.017504       -11.27397      13.00082
108  26.999527       -21.030386     -4.53492
191  26.954596       -13.975327     -11.644225
750  26.934484       13.351422      -5.212743
725  26.932476       26.33633       1.9946005
614  26.886621       -15.656227     -9.8920765
189  26.86654        -13.345309     -2.652829
29   26.759283       11.707415      -1.4535333
310  26.692612       18.185371      3.1958199
19   26.674944       -12.951394     -1.5082288
196  26.663574       -4.3648477     -3.9037535
403  26.64136        -13.754472     6.6914387
363  26.635918       6.2418942      7.3257513
467  26.572454       -6.1300726     -2.4323351
713  26.517649       7.1274967      11.457344
6    26.448866       4.8144565      -0.9470098
134  26.392675       -8.18272       -14.585434
766  26.35036        6.2369947      5.1536446
761  26.2825         0.05917343     7.096343
382  26.260523       2.6115003      -7.777718
878  26.141048       6.8755307      9.017248
53   26.131937       26.559067      0.31970847
588  26.068666       -6.779562      -0.3460597
453  26.035156       -12.994944     2.8130343
539  26.008495       -6.779055      -5.879129
50   25.9518         3.8041098      -4.5779157
276  25.877539       -19.201736     -10.272594
730  25.86074        -16.622374     -9.366797
128  25.722275       -3.1022518     -4.6506433
405  25.632196       5.1012077      6.1999764
173  25.537811       -0.0315699     -5.59091
75   25.524721       13.370256      11.909395
329  25.515427       18.576908      8.970448
430  25.415775       -11.4415655    4.1924834
103  25.347486       -3.9367616     4.422959
239  25.26415        16.954742      -7.8400497
624  25.070131       -0.42322418    4.609935
320  25.069859       20.70205       9.211999
670  24.84133        14.919851      1.1086689
911  24.831892       11.54328       10.045996
581  24.801949       -2.6355422     15.345361
115  24.763193       -12.435556     9.855198
832  24.710747       -8.390733      17.89914
205  24.694614       24.636665      4.3817396
459  24.580164       -8.965851      -3.3195884
280  24.549406       -23.962551     -9.580465
337  24.53561        -9.962716      -22.502728
710  24.462347       3.2578847      2.0707676
884  24.392132       1.1520499      3.965053
39   24.388931       -6.487291      0.8824595
744  24.355623       -15.1597595    2.617582
947  24.085388       6.721806       -4.5734797
230  24.07634        -0.6716932     -3.7352657
553  24.060743       -3.9792736     -11.388203
686  23.916553       -17.956266     -2.3930757
933  23.746704       -0.23601918    -2.9403281
745  23.696203       -15.064907     -5.7561116
840  23.695532       8.834543       -0.39796892
294  23.59906        8.235602       5.801263
720  23.583158       10.276036      -9.002073
748  23.577473       -4.5796847     9.699762
184  23.531172       -8.684106      7.837755
171  23.512247       -14.76926      -16.630924
219  23.485188       -12.016619     -2.178627
564  23.451233       -3.672908      12.708096
57   23.326763       -18.139114     -16.127853
129  23.304903       -9.01794       -6.648965
505  23.269566       16.851885      1.6754018
531  23.133999       4.1586857      13.89713
172  23.054253       -4.3879766     1.8229829
769  22.995783       -4.6332765     -1.1723425
393  22.957449       7.948791       -15.506426
392  22.888832       -1.3434708     17.047752
662  22.818949       -14.240786     -12.822357
543  22.773748       -6.6369376     6.413763
119  22.707253       -9.753209      3.4218383
635  22.52963        10.672025      2.2594235
648  22.493635       -3.5512812     3.0355167
79   22.319538       -4.0783944     8.486133
698  22.277948       -18.996666     11.014515
106  22.23204        -15.08448      17.8678
464  22.15976        -16.782646     -8.649981
228  22.087221       3.9405801      5.801609
65   22.067566       -8.300702      22.71725
290  21.915752       2.8595903      -8.343579
629  21.892544       -6.1585436     -14.31898
342  21.851578       -17.625713     -3.1915224
474  21.798265       3.4574993      -2.2813182
12   21.694897       1.0577656      8.232702
609  21.673618       19.00753       4.635868
857  21.587473       0.03157352     -6.2525616
426  21.423927       -13.96276      5.126224
509  21.33315        1.1429085      -3.7566428
945  21.243414       -1.2945002     1.9546509
260  21.21658        -13.320934     11.296553
389  20.929157       -12.045635     -3.4688964
762  20.915989       -8.381235      -1.8035631
691  20.583298       -5.842407      -6.101533
315  20.17612        -10.818218     13.097544
398  20.028805       -14.719337     5.090211
305  20.008614       2.1559832      11.283362
139  19.914385       -18.510565     0.43480188
768  19.662897       -3.5386932     10.96949
829  18.890545       -4.0210533     -3.057063
47   18.870266       -18.667334     -19.079462
407  18.740534       5.498829       5.1377177
206  18.664576       -16.176111     0.02387113
164  18.600597       -18.875484     12.982512
432  18.410267       -11.466971     -9.487919
734  18.20777        -9.478127      11.343503
24   17.745611       3.3194814      3.528455
90   17.457438       -6.9385986     -9.001562
447  17.204947       -4.05076       7.2229633
997  17.087255       0.8925441      1.756956
987  16.96316        -5.6067963     6.214586
308  16.858963       7.5830555      0.26332036
496  16.642052       -18.840899     20.251783
175  16.167982       -5.970461      1.3440775
740  15.912142       18.169136      4.99647
215  15.783829       3.6700008      1.3436512
694  15.677044       -1.1918796     8.684902
105  15.346029       -12.19855      19.038647
615  15.29297        -7.637656      -8.603048
52   14.483068       -9.324586      5.383676
348  14.222456       -13.237282     -3.8507936
554  13.182758       -9.996614      4.185054
516  12.952308       -16.657017     18.745811
719  11.504693       -10.859292     13.205266
62   10.971492       -16.505035     8.732496
984  10.146345       -14.983847     30.43506
235  9.778345        -11.800544     19.30993
411  9.065937        -10.435741     13.385571
268  8.933798        -8.959571      21.766567
408  8.79778         -15.439648     16.997124
602  8.122076        -13.915219     25.036125
473  6.2549257       -7.8278728     34.404366
131  5.7286153       -14.026492     38.03808
3    5.327763        -14.361216     20.676298
841  4.981795        -3.0723808     9.627674
17   4.7082043       -8.332139      29.194235
680  4.362301        -4.8821607     27.40267
328  4.097249        -6.1456676     25.010525
462  3.8827474       -12.424767     5.6724973
520  3.8021755       -9.7012615     28.20056
431  3.7383378       -12.609681     -17.238089
678  3.4754698       -14.077147     30.612106
809  3.258509        -4.6161237     -4.8404717
439  3.0208852       -11.2702265    24.045914
118  2.8805015       -15.547404     29.013102
433  2.589733        -10.322504     17.792038
452  2.2333176       -13.099389     30.010778
450  1.783555        1.6451803      20.148458
80   1.7096068       -13.611643     35.109554
409  1.5723823       -6.993386      16.82115
451  1.2022295       -11.018865     22.715212
16   0.9034095       -13.460093     43.369823
956  0.9014983       -8.672361      31.610722
798  -0.3355231      -9.602501      19.81942
918  -0.62662137     -4.8184514     25.82508
146  -0.7422213      -11.520374     24.221096
826  -0.7848143      -3.2351544     4.611246
515  -0.8807833      -7.941642      7.255678
690  -0.9959185      -4.1120663     16.808815
603  -1.0415096      -11.008525     34.022926
513  -1.3267785      -8.248408      34.975838
396  -1.3364376      -11.893682     38.86945
369  -2.277098       -9.438208      41.216724
32   -2.9514322      -11.002686     30.34651
339  -3.1779733      -10.890681     44.717022
628  -3.3508866      -12.1689       40.9628
410  -3.724554       -10.687478     34.556534
399  -3.7456         -12.64128      38.3529
756  -3.82129        -1.9931091     15.559541
600  -4.2839117      -11.603517     44.060726
455  -4.4347177      -9.04658       37.25825
357  -4.6165977      -8.49148       40.8512
461  -4.6428213      -13.449056     35.440002
326  -4.7794805      -12.87719      41.783382
818  -4.9656997      -5.697958      22.568079
860  -5.2192893      -9.137614      30.83772
586  -5.746977       -14.173249     42.83109
99   -5.810441       -7.4219966     19.672161
54   -5.880955       -4.985126      -0.45055205
412  -5.989514       -10.090885     40.044193
416  -6.1226234      -9.586578      35.58159
970  -6.1875806      -10.358991     25.082092
619  -6.3180537      -12.460306     46.07418
296  -6.3276987      -4.1171746     12.341717
372  -6.3602924      -12.403892     42.715244
365  -6.3861036      -9.574937      30.453459
397  -6.4308743      -9.704766      39.136547
224  -6.438416       -7.0406623     34.411617
440  -6.6399317      -11.833808     38.403477
850  -6.7010446      -5.8725104     22.756687
364  -6.8145757      -9.245598      42.291122
487  -6.8954606      -12.056975     36.2903
401  -7.089701       -10.332499     35.929455
92   -7.0952516      -7.0982857     38.54277
490  -7.1428304      -13.084345     39.56555
580  -7.1680617      -13.460985     39.3234
626  -7.286063       -13.028949     42.71842
688  -7.3086877      -5.258883      31.834326
597  -7.3155894      -10.542423     40.29497
123  -7.478647       -12.59295      31.969995
492  -7.483276       -11.631518     38.707664
634  -7.565501       -11.509097     41.948593
557  -7.745716       -8.546302      26.597172
413  -7.830384       -9.18611       37.958584
436  -7.8818746      -13.5710335    33.39925
645  -7.9674945      -12.5241375    40.96976
476  -7.996079       -10.833834     34.035656
469  -8.127154       -11.0571165    35.628304
657  -8.198096       -11.649353     37.248867
640  -8.205631       -9.9692955     43.508854
572  -8.318223       -10.1319475    18.062479
578  -8.33987        -12.007813     38.194054
571  -8.350664       -3.9895115     11.729329
366  -8.525142       -10.1712055    40.725666
567  -8.5767355      -10.769297     38.18475
434  -8.585757       -10.743576     36.630062
444  -8.613222       -9.115463      35.936157
488  -8.657385       -12.923681     36.894382
508  -8.7083845      -9.879269      40.076405
757  -8.7560425      -9.108679      32.611664
435  -8.792249       -11.189441     33.587738
456  -8.896347       -13.013881     39.45171
445  -8.898326       -10.691072     39.24199
596  -8.940534       -12.200798     44.32288
336  -9.00131        -9.575868      41.76292
255  -9.011779       -10.08835      32.062145
466  -9.018561       -13.319536     36.737694
316  -9.055655       -8.524426      28.851599
427  -9.159692       -12.45798      38.39265
351  -9.178231       -8.008679      39.716667
530  -9.290554       -11.6323395    40.931324
630  -9.337389       -12.743877     39.96711
656  -9.35892        -12.0525255    35.78216
590  -9.37504        -11.398771     41.59356
122  -9.402007       -6.3039303     34.141663
532  -9.425335       -8.722026      39.810734
325  -9.488297       -11.394884     39.602592
696  -9.559606       -9.821695      37.696384
135  -9.570408       -7.9199166     18.531267
511  -9.663445       -9.325729      36.463955
542  -9.701901       -11.165714     39.22647
566  -9.881479       -10.1165085    38.106026
485  -9.936177       -10.956078     37.80535
301  -9.97035        -8.611103      34.745026
471  -10.018009      -11.747607     36.23573
608  -10.030281      -12.412703     41.839836
519  -10.105958      -11.475674     38.304638
577  -10.167663      -11.37713      40.36227
293  -10.178259      -9.0983095     38.648163
477  -10.306155      -11.316665     36.006855
845  -10.35538       -8.471467      34.614433
752  -10.434277      -9.861556      31.665936
671  -10.451279      -8.513383      34.317974
548  -10.496487      -11.273179     38.25859
697  -10.528757      -10.451149     33.540485
288  -10.532877      -7.295962      36.992817
723  -10.5860815     -9.602871      34.414486
663  -10.6158085     -9.48924       36.13362
794  -10.624448      -9.3285        32.482403
830  -10.684845      -10.020923     35.720417
929  -10.703557      -8.172647      35.83196
502  -10.703591      -8.687839      36.355804
333  -10.776551      -10.81631      41.892246
561  -10.808392      -12.54657      40.172665
653  -10.850224      -9.458955      41.902424
971  -10.856786      -10.818631     36.311928
765  -10.868073      -11.716354     34.170063
847  -10.963623      -7.7288017     31.798878
130  -10.9965105     -5.714671      31.12552
573  -11.0465355     -11.469603     36.969532
721  -11.055086      -8.506186      37.64051
675  -11.058567      -10.960177     34.842987
655  -11.068498      -12.207944     38.76847
811  -11.08846       -7.68942       33.381165
234  -11.126752      -0.21764167    7.5692124
507  -11.198343      -10.00989      40.252293
18   -11.261474      -4.5005817     17.348978
760  -11.29176       -10.607219     31.437223
930  -11.315846      -11.796166     36.376522
967  -11.344013      -8.893665      36.85697
650  -11.392546      -11.794081     41.627823
556  -11.439876      -8.629041      23.566917
693  -11.491601      -10.941208     36.84776
42   -11.508743      -4.892422      26.820559
963  -11.531956      -9.619918      36.047935
160  -11.591623      -5.9751062     34.58669
297  -11.667974      -9.04911       38.925648
822  -11.734008      -5.4584727     31.20927
778  -11.755391      -9.339574      33.495842
907  -11.776391      -11.188157     35.858852
283  -11.785021      -7.841292      39.469826
298  -11.815751      -9.640541      37.904015
672  -11.994656      -9.5914955     31.358654
527  -11.996046      -10.958448     39.34306
872  -12.061347      -8.529147      35.80963
946  -12.063203      -9.175533      35.521652
991  -12.071079      -9.8610935     34.89065
154  -12.203566      -2.2350879     17.817633
356  -12.246537      -6.5254984     25.459833
775  -12.293659      -9.343057      28.514889
993  -12.321541      -7.7273903     34.200245
722  -12.364102      -10.065966     35.139145
966  -12.3752165     -7.163561      34.058834
894  -12.439876      -8.812352      34.399616
985  -12.45806       -7.2625294     36.165855
865  -12.470473      -10.270656     34.1646
836  -12.490027      -9.462529      34.01067
935  -12.513794      -10.94802      38.727104
863  -12.532249      -6.9860272     30.01682
869  -12.542812      -7.866961      34.53847
536  -12.550965      -10.609957     38.531567
712  -12.574591      -10.387975     36.367237
668  -12.589665      -9.771543      36.02212
998  -12.652971      -9.293806      35.955276
864  -12.693745      -8.091169      32.39848
799  -12.814208      -8.028703      34.8527
800  -12.830148      -7.4487987     32.63914
899  -12.832793      -9.267683      35.1826
965  -12.855148      -8.599576      34.05934
728  -12.928721      -10.212363     32.194847
245  -12.970788      -6.8895073     36.20187
927  -13.024858      -8.798771      33.56676
981  -13.060641      -8.419274      36.527718
994  -13.1089525     -10.471812     36.65257
921  -13.11853       -9.800935      34.521477
839  -13.144579      -10.536213     34.568336
807  -13.181518      -8.146651      35.248188
925  -13.207403      -8.833427      34.701477
797  -13.266081      -9.313256      34.243935
972  -13.317046      -11.233594     35.4461
771  -13.35004       -9.552874      33.14089
976  -13.391124      -9.2085085     37.358486
242  -13.543958      -6.7145085     36.82548
988  -13.577106      -9.162657      34.797325
702  -13.621418      -8.349377      30.461817
404  -13.623687      -4.289392      21.193897
873  -13.631464      -7.544996      34.845566
792  -13.67072       -9.639544      35.405476
776  -13.694226      -10.151762     31.904982
790  -13.726511      -7.276108      32.109272
801  -13.732938      -9.955613      35.12605
932  -13.746954      -7.902433      36.206566
264  -13.799772      -6.1504183     33.31714
803  -13.82466       -7.393873      34.183857
791  -13.901251      -9.611889      34.538307
773  -13.951736      -10.364263     33.899193
837  -13.968471      -10.220367     33.339306
961  -13.974434      -7.860234      34.465717
576  -14.056697      0.50355005     -0.34742987
853  -14.07412       -8.601014      33.314713
900  -14.262589      -8.843266      35.155285
982  -14.285676      -9.588125      37.402573
926  -14.296462      -7.674909      32.82982
611  -14.363632      -3.601458      7.4357963
785  -14.470154      -8.5014105     29.920244
973  -14.472194      -9.9284525     36.39936
793  -14.475627      -8.686901      33.763023
990  -14.594069      -9.776229      35.21627
879  -14.746258      -8.517251      34.573627
714  -14.750972      -8.006138      34.960083
689  -14.843764      -3.939652      22.48187
774  -14.910917      -9.282658      30.931343
977  -14.9879465     -7.354906      35.051834
916  -15.05036       -6.5131907     33.315773
843  -15.1816        -8.048081      36.654667
852  -15.4037075     -9.056836      34.695576
528  -15.434178      -2.120013      15.53808
780  -15.766349      -7.869013      31.872763
779  -15.79807       -9.3038025     32.529037
875  -15.90441       -6.4164076     28.986729
222  -15.984333      -5.097985      29.413109
358  -16.013205      -5.304171      15.919754
249  -16.08468       -6.372188      33.066654
924  -16.427467      -3.4242916     11.066865
282  -16.565794      -2.0667129     12.338167
953  -16.855953      -8.171792      34.342205
454  -17.056845      -6.7542434     21.104143
703  -17.12605       -7.5408278     32.627056
643  -17.617037      -4.3632374     24.577234
938  -17.985294      -5.8344345     24.143671
10   -19.467594      -0.671918      3.7330537
70   -19.884613      -3.4602466     19.962976
212  -20.338314      -3.1107726     15.816067
124  -20.458683      -3.0566509     8.063487
68   -20.979673      -1.959502      14.448782
324  -22.259699      -4.0360928     15.121795
159  -22.552078      -0.7854433     7.623498
31   -23.075428      1.5124024      -2.4939566
33   -23.476807      -2.8393486     17.38846
478  -23.540962      -2.3039548     11.11464
151  -25.150925      0.6335812      3.5542123
323  -25.781553      -1.1795131     3.5752614
223  -26.031134      -1.731158      12.033218
565  -26.81335       -1.9200639     8.306164
4    -28.000732      -0.7577305     8.022113
591  -28.185793      -0.76993805    5.719615
950  -2.9034737e+01  1.9498992e-03  2.3357131e+00
589  -30.678839      -1.2942007     6.493617
535  -30.771015      -0.4252033     2.4073918
295  -31.642607      0.9142782      -2.7263882
718  -31.814276      -0.71237844    4.0575876
254  -31.905159      0.72335285     1.0002048
347  -32.64456       0.9673771      -0.3729459
257  -34.027977      0.27027035     2.6399298
547  -34.11705       0.7113653      -0.64590883
658  -34.249516      0.77691656     -0.33777148
438  -34.536606      -0.29029447    -1.7426513
61   -34.909733      -0.32688746    1.3604501
251  -34.958065      0.31068382     1.184384
157  -35.253628      1.2711844      -2.4602554
14   -36.00229       0.37716606     -0.37344876
570  -36.123108      0.8431681      -0.98593754
309  -36.26816       0.3380575      -1.8931688
754  -36.627495      1.3534493      -4.1388254
0    -36.66029       1.2854799      -2.9782917
307  -36.861908      1.0449724      -2.6908207
64   -37.076912      0.13835193     -3.57269
906  -37.34435       0.42058057     -1.299525
782  -37.857426      0.4381672      -2.7715385
649  -37.93059       0.56570596     -2.4527006
277  -38.012074      1.3641082      -4.4418488
203  -38.1864        0.92672545     -3.694598
